{
    "camera_angle_x": -30.31998,
    "camera_angle_y": 0.0,
    "fl_x": 695.6239,
    "fl_y": 1043.436,
    "k1": 0.0,
    "k2": 0.0,
    "p1": 0.0,
    "p2": 0.0,
    "cx": 369.5,
    "cy": 231.0,
    "w": 744,
    "h": 465,
    "aabb_scale": 2,
    "frames": [
        {
            "file_path": "./images/pic19.png",
            "sharpness": 92.38459887003712,
            "transform_matrix": [
                [
                    -0.7705083360581393,
                    0.3655465753414451,
                    -0.5221997752977863,
                    -3.19
                ],
                [
                    -0.6374299209034904,
                    -0.44186474424314287,
                    0.6312199646176535,
                    3.85
                ],
                [
                    -1.3738026516108004e-06,
                    0.8192260060881142,
                    0.5734707934559784,
                    5.15
                ],
                [
                    0.0,
                    0.0,
                    0.0,
                    1.0
                ]
            ]
        },
        {
            "file_path": "./images/pic31.png",
            "sharpness": 78.50811865854587,
            "transform_matrix": [
                [
                    0.5877832645438248,
                    0.46394237730045745,
                    -0.6627731923267597,
                    -4.05
                ],
                [
                    -0.8090184385356829,
                    0.33706644363446836,
                    -0.48153440031310046,
                    -2.94
                ],
                [
                    -5.61155936557034e-06,
                    0.8192335949656921,
                    0.5734599522617937,
                    5.15
                ],
                [
                    0.0,
                    0.0,
                    0.0,
                    1.0
                ]
            ]
        },
        {
            "file_path": "./images/pic18.png",
            "sharpness": 91.46710601816979,
            "transform_matrix": [
                [
                    -0.8443311533718963,
                    0.3072809531251748,
                    -0.43895708137831374,
                    -2.68
                ],
                [
                    -0.5358217085070412,
                    -0.4841857728392006,
                    0.6917074772421515,
                    4.22
                ],
                [
                    1.1759200379796164e-05,
                    0.819232905361223,
                    0.5734609373227885,
                    5.15
                ],
                [
                    0.0,
                    0.0,
                    0.0,
                    1.0
                ]
            ]
        },
        {
            "file_path": "./images/pic9.png",
            "sharpness": 117.22990332998371,
            "transform_matrix": [
                [
                    -0.8443311533718963,
                    -0.3072809531251748,
                    0.43895708137831374,
                    2.68
                ],
                [
                    0.5358217085070412,
                    -0.4841857728392006,
                    0.6917074772421515,
                    4.22
                ],
                [
                    -1.1759200379796164e-05,
                    0.819232905361223,
                    0.5734609373227885,
                    5.15
                ],
                [
                    0.0,
                    0.0,
                    0.0,
                    1.0
                ]
            ]
        },
        {
            "file_path": "./images/pic36.png",
            "sharpness": 84.98912855095963,
            "transform_matrix": [
                [
                    0.9510555590546602,
                    0.17720967500354795,
                    -0.25316013642823976,
                    -1.55
                ],
                [
                    -0.30901994043359526,
                    0.5453958497584741,
                    -0.7791341626964188,
                    -4.76
                ],
                [
                    2.375976657212342e-06,
                    0.8192314069610425,
                    0.57346307801199,
                    5.15
                ],
                [
                    0.0,
                    0.0,
                    0.0,
                    1.0
                ]
            ]
        },
        {
            "file_path": "./images/pic42.png",
            "sharpness": 92.72675659957619,
            "transform_matrix": [
                [
                    0.9048291022443042,
                    -0.2441630712923017,
                    0.34881039312049833,
                    2.13
                ],
                [
                    0.42577493551897694,
                    0.5188870163695424,
                    -0.7412637644772103,
                    -4.52
                ],
                [
                    -3.946792533474075e-06,
                    0.8192317491773768,
                    0.5734625891234738,
                    5.15
                ],
                [
                    0.0,
                    0.0,
                    0.0,
                    1.0
                ]
            ]
        },
        {
            "file_path": "./images/pic26.png",
            "sharpness": 87.62304771358748,
            "transform_matrix": [
                [
                    0.0,
                    0.5734563327230461,
                    -0.8192361286343732,
                    -5.0
                ],
                [
                    -1.0000000000000002,
                    0.0,
                    0.0,
                    0.0
                ],
                [
                    0.0,
                    0.8192361286343732,
                    0.5734563327230461,
                    5.15
                ],
                [
                    0.0,
                    0.0,
                    0.0,
                    1.0
                ]
            ]
        },
        {
            "file_path": "./images/pic1.png",
            "sharpness": 94.7120294154413,
            "transform_matrix": [
                [
                    0.0,
                    -0.5734563327230461,
                    0.8192361286343732,
                    5.0
                ],
                [
                    1.0000000000000002,
                    0.0,
                    0.0,
                    0.0
                ],
                [
                    0.0,
                    0.8192361286343732,
                    0.5734563327230461,
                    5.15
                ],
                [
                    0.0,
                    0.0,
                    0.0,
                    1.0
                ]
            ]
        },
        {
            "file_path": "./images/pic40.png",
            "sharpness": 105.33470045818575,
            "transform_matrix": [
                [
                    0.9822894234369892,
                    -0.1074482278238161,
                    0.1535003809159707,
                    0.94
                ],
                [
                    0.18736992446920256,
                    0.5633113668665559,
                    -0.8047190909648766,
                    -4.91
                ],
                [
                    -2.8691681442025163e-06,
                    0.8192284066708462,
                    0.5734673641065497,
                    5.15
                ],
                [
                    0.0,
                    0.0,
                    0.0,
                    1.0
                ]
            ]
        },
        {
            "file_path": "./images/pic27.png",
            "sharpness": 83.3397685283858,
            "transform_matrix": [
                [
                    0.12532869892747434,
                    0.5689410671057769,
                    -0.8127722801533563,
                    -4.96
                ],
                [
                    -0.9921152741270995,
                    0.0718644774445098,
                    -0.10267803915802731,
                    -0.63
                ],
                [
                    -8.297972293125344e-06,
                    0.8192322985833548,
                    0.5734618042110355,
                    5.15
                ],
                [
                    0.0,
                    0.0,
                    0.0,
                    1.0
                ]
            ]
        },
        {
            "file_path": "./images/pic24.png",
            "sharpness": 84.76902101899807,
            "transform_matrix": [
                [
                    -0.24869415064784806,
                    0.5554400359056925,
                    -0.7934970610825401,
                    -4.84
                ],
                [
                    -0.9685820664375043,
                    -0.14261793348137503,
                    0.20373734469938454,
                    1.24
                ],
                [
                    -3.033019979725715e-06,
                    0.8192353090306747,
                    0.5734575035939591,
                    5.15
                ],
                [
                    0.0,
                    0.0,
                    0.0,
                    1.0
                ]
            ]
        },
        {
            "file_path": "./images/pic2.png",
            "sharpness": 100.07188964299924,
            "transform_matrix": [
                [
                    -0.12532869892747428,
                    -0.5689410671057769,
                    0.8127722801533563,
                    4.96
                ],
                [
                    0.9921152741270995,
                    -0.0718644774445098,
                    0.10267803915802737,
                    0.63
                ],
                [
                    -8.297972293125344e-06,
                    0.8192322985833549,
                    0.5734618042110355,
                    5.15
                ],
                [
                    0.0,
                    0.0,
                    0.0,
                    1.0
                ]
            ]
        },
        {
            "file_path": "./images/pic49.png",
            "sharpness": 94.82197596861447,
            "transform_matrix": [
                [
                    0.24869415064784806,
                    -0.5554400359056925,
                    0.7934970610825401,
                    4.84
                ],
                [
                    0.9685820664375043,
                    0.14261793348137503,
                    -0.20373734469938454,
                    -1.24
                ],
                [
                    -3.033019979725715e-06,
                    0.8192353090306747,
                    0.5734575035939591,
                    5.15
                ],
                [
                    0.0,
                    0.0,
                    0.0,
                    1.0
                ]
            ]
        },
        {
            "file_path": "./images/pic6.png",
            "sharpness": 101.53047169871918,
            "transform_matrix": [
                [
                    -0.5877832645438248,
                    -0.46394237730045745,
                    0.6627731923267597,
                    4.05
                ],
                [
                    0.8090184385356829,
                    -0.33706644363446836,
                    0.4815344003131005,
                    2.94
                ],
                [
                    -5.61155936557034e-06,
                    0.8192335949656921,
                    0.5734599522617937,
                    5.15
                ],
                [
                    0.0,
                    0.0,
                    0.0,
                    1.0
                ]
            ]
        },
        {
            "file_path": "./images/pic46.png",
            "sharpness": 93.38084947194216,
            "transform_matrix": [
                [
                    0.5877832645438248,
                    -0.46394237730045745,
                    0.6627731923267597,
                    4.05
                ],
                [
                    0.8090184385356829,
                    0.33706644363446836,
                    -0.48153440031310046,
                    -2.94
                ],
                [
                    5.61155936557034e-06,
                    0.8192335949656921,
                    0.5734599522617937,
                    5.15
                ],
                [
                    0.0,
                    0.0,
                    0.0,
                    1.0
                ]
            ]
        },
        {
            "file_path": "./images/pic3.png",
            "sharpness": 102.0575199936967,
            "transform_matrix": [
                [
                    -0.24869415064784806,
                    -0.5554400359056925,
                    0.7934970610825401,
                    4.84
                ],
                [
                    0.9685820664375043,
                    -0.14261793348137503,
                    0.20373734469938454,
                    1.24
                ],
                [
                    3.033019979725715e-06,
                    0.8192353090306747,
                    0.5734575035939591,
                    5.15
                ],
                [
                    0.0,
                    0.0,
                    0.0,
                    1.0
                ]
            ]
        },
        {
            "file_path": "./images/pic16.png",
            "sharpness": 98.68633630299817,
            "transform_matrix": [
                [
                    -0.9510555590546602,
                    0.17720967500354795,
                    -0.25316013642823976,
                    -1.55
                ],
                [
                    -0.30901994043359526,
                    -0.5453958497584741,
                    0.7791341626964187,
                    4.76
                ],
                [
                    -2.375976657212342e-06,
                    0.8192314069610425,
                    0.57346307801199,
                    5.15
                ],
                [
                    0.0,
                    0.0,
                    0.0,
                    1.0
                ]
            ]
        },
        {
            "file_path": "./images/pic15.png",
            "sharpness": 96.61215099982653,
            "transform_matrix": [
                [
                    -0.9822894234369892,
                    0.1074482278238161,
                    -0.1535003809159707,
                    -0.94
                ],
                [
                    -0.18736992446920256,
                    -0.5633113668665559,
                    0.8047190909648767,
                    4.91
                ],
                [
                    -2.8691681442025163e-06,
                    0.8192284066708462,
                    0.5734673641065497,
                    5.15
                ],
                [
                    0.0,
                    0.0,
                    0.0,
                    1.0
                ]
            ]
        },
        {
            "file_path": "./images/pic30.png",
            "sharpness": 77.44549260985708,
            "transform_matrix": [
                [
                    0.4817529855931311,
                    0.5025310345541592,
                    -0.7178973604785235,
                    -4.38
                ],
                [
                    -0.8763070585287027,
                    0.2762619972286396,
                    -0.3946710631146093,
                    -2.41
                ],
                [
                    -6.699044608926563e-06,
                    0.8192324872691328,
                    0.5734615346803595,
                    5.15
                ],
                [
                    0.0,
                    0.0,
                    0.0,
                    1.0
                ]
            ]
        },
        {
            "file_path": "./images/pic28.png",
            "sharpness": 79.04305510775912,
            "transform_matrix": [
                [
                    0.24869415064784806,
                    0.5554400359056925,
                    -0.7934970610825401,
                    -4.84
                ],
                [
                    -0.9685820664375043,
                    0.14261793348137503,
                    -0.20373734469938454,
                    -1.24
                ],
                [
                    3.033019979725715e-06,
                    0.8192353090306747,
                    0.5734575035939591,
                    5.15
                ],
                [
                    0.0,
                    0.0,
                    0.0,
                    1.0
                ]
            ]
        },
        {
            "file_path": "./images/pic20.png",
            "sharpness": 98.5890543137502,
            "transform_matrix": [
                [
                    -0.6845409323915013,
                    0.41803706554107645,
                    -0.5972007398809717,
                    -3.64
                ],
                [
                    -0.728974424702228,
                    -0.3925526080269954,
                    0.5608018705935816,
                    3.42
                ],
                [
                    3.260376960551037e-06,
                    0.8192359011695045,
                    0.5734566576685286,
                    5.15
                ],
                [
                    0.0,
                    0.0,
                    0.0,
                    1.0
                ]
            ]
        },
        {
            "file_path": "./images/pic23.png",
            "sharpness": 83.7749456327826,
            "transform_matrix": [
                [
                    -0.3681278737371998,
                    0.5331822862664015,
                    -0.7617076330124709,
                    -4.65
                ],
                [
                    -0.9297751709789129,
                    -0.21110662684031153,
                    0.3015826976721949,
                    1.84
                ],
                [
                    -2.9768005307961865e-06,
                    0.8192378419701072,
                    0.5734538850468276,
                    5.15
                ],
                [
                    0.0,
                    0.0,
                    0.0,
                    1.0
                ]
            ]
        },
        {
            "file_path": "./images/pic13.png",
            "sharpness": 100.46796444974964,
            "transform_matrix": [
                [
                    -0.9980265787728565,
                    -0.036002931051175885,
                    0.05144644806662009,
                    0.31
                ],
                [
                    0.06279289772605279,
                    -0.5723278995054575,
                    0.8176171643518967,
                    4.99
                ],
                [
                    7.623164566004925e-06,
                    0.8192341328359037,
                    0.5734591838470215,
                    5.15
                ],
                [
                    0.0,
                    0.0,
                    0.0,
                    1.0
                ]
            ]
        },
        {
            "file_path": "./images/pic17.png",
            "sharpness": 97.48748393373745,
            "transform_matrix": [
                [
                    -0.9048291022443042,
                    0.2441630712923017,
                    -0.34881039312049833,
                    -2.13
                ],
                [
                    -0.42577493551897694,
                    -0.5188870163695424,
                    0.7412637644772102,
                    4.52
                ],
                [
                    -3.946792533474075e-06,
                    0.8192317491773768,
                    0.5734625891234738,
                    5.15
                ],
                [
                    0.0,
                    0.0,
                    0.0,
                    1.0
                ]
            ]
        },
        {
            "file_path": "./images/pic5.png",
            "sharpness": 104.84300179521442,
            "transform_matrix": [
                [
                    -0.48175298559313107,
                    -0.5025310345541592,
                    0.7178973604785235,
                    4.38
                ],
                [
                    0.8763070585287027,
                    -0.2762619972286396,
                    0.3946710631146093,
                    2.41
                ],
                [
                    -6.699044608926563e-06,
                    0.8192324872691328,
                    0.5734615346803595,
                    5.15
                ],
                [
                    0.0,
                    0.0,
                    0.0,
                    1.0
                ]
            ]
        },
        {
            "file_path": "./images/pic43.png",
            "sharpness": 93.2339938891331,
            "transform_matrix": [
                [
                    0.8443311533718963,
                    -0.3072809531251748,
                    0.43895708137831374,
                    2.68
                ],
                [
                    0.5358217085070412,
                    0.4841857728392006,
                    -0.6917074772421516,
                    -4.22
                ],
                [
                    1.1759200379796164e-05,
                    0.8192329053612228,
                    0.5734609373227885,
                    5.15
                ],
                [
                    0.0,
                    0.0,
                    0.0,
                    1.0
                ]
            ]
        },
        {
            "file_path": "./images/pic11.png",
            "sharpness": 104.86965228727044,
            "transform_matrix": [
                [
                    -0.9510555590546602,
                    -0.17720967500354795,
                    0.25316013642823976,
                    1.55
                ],
                [
                    0.30901994043359526,
                    -0.5453958497584741,
                    0.7791341626964187,
                    4.76
                ],
                [
                    2.375976657212342e-06,
                    0.8192314069610425,
                    0.57346307801199,
                    5.15
                ],
                [
                    0.0,
                    0.0,
                    0.0,
                    1.0
                ]
            ]
        },
        {
            "file_path": "./images/pic47.png",
            "sharpness": 92.35652570721655,
            "transform_matrix": [
                [
                    0.4817529855931311,
                    -0.5025310345541592,
                    0.7178973604785235,
                    4.38
                ],
                [
                    0.8763070585287027,
                    0.2762619972286396,
                    -0.3946710631146093,
                    -2.41
                ],
                [
                    6.699044608926563e-06,
                    0.8192324872691328,
                    0.5734615346803595,
                    5.15
                ],
                [
                    0.0,
                    0.0,
                    0.0,
                    1.0
                ]
            ]
        },
        {
            "file_path": "./images/pic7.png",
            "sharpness": 102.88349176796375,
            "transform_matrix": [
                [
                    -0.6845409323915013,
                    -0.41803706554107645,
                    0.5972007398809717,
                    3.64
                ],
                [
                    0.728974424702228,
                    -0.3925526080269954,
                    0.5608018705935816,
                    3.42
                ],
                [
                    -3.260376960551037e-06,
                    0.8192359011695045,
                    0.5734566576685286,
                    5.15
                ],
                [
                    0.0,
                    0.0,
                    0.0,
                    1.0
                ]
            ]
        },
        {
            "file_path": "./images/pic48.png",
            "sharpness": 93.7315395267436,
            "transform_matrix": [
                [
                    0.3681278737371998,
                    -0.5331822862664015,
                    0.7617076330124709,
                    4.65
                ],
                [
                    0.9297751709789129,
                    0.21110662684031153,
                    -0.3015826976721949,
                    -1.84
                ],
                [
                    -2.9768005307961865e-06,
                    0.8192378419701072,
                    0.5734538850468276,
                    5.15
                ],
                [
                    0.0,
                    0.0,
                    0.0,
                    1.0
                ]
            ]
        },
        {
            "file_path": "./images/pic10.png",
            "sharpness": 105.25739927264551,
            "transform_matrix": [
                [
                    -0.9048291022443042,
                    -0.2441630712923017,
                    0.34881039312049833,
                    2.13
                ],
                [
                    0.42577493551897694,
                    -0.5188870163695424,
                    0.7412637644772102,
                    4.52
                ],
                [
                    3.946792533474075e-06,
                    0.8192317491773768,
                    0.5734625891234738,
                    5.15
                ],
                [
                    0.0,
                    0.0,
                    0.0,
                    1.0
                ]
            ]
        },
        {
            "file_path": "./images/pic45.png",
            "sharpness": 97.17612005012026,
            "transform_matrix": [
                [
                    0.6845409323915014,
                    -0.41803706554107645,
                    0.5972007398809717,
                    3.64
                ],
                [
                    0.728974424702228,
                    0.3925526080269954,
                    -0.5608018705935816,
                    -3.42
                ],
                [
                    3.260376960551037e-06,
                    0.8192359011695045,
                    0.5734566576685286,
                    5.15
                ],
                [
                    0.0,
                    0.0,
                    0.0,
                    1.0
                ]
            ]
        },
        {
            "file_path": "./images/pic39.png",
            "sharpness": 90.14573572410258,
            "transform_matrix": [
                [
                    0.9980265787728565,
                    -0.036002931051175885,
                    0.05144644806662009,
                    0.31
                ],
                [
                    0.06279289772605279,
                    0.5723278995054575,
                    -0.8176171643518966,
                    -4.99
                ],
                [
                    -7.623164566004925e-06,
                    0.8192341328359037,
                    0.5734591838470215,
                    5.15
                ],
                [
                    0.0,
                    0.0,
                    0.0,
                    1.0
                ]
            ]
        },
        {
            "file_path": "./images/pic34.png",
            "sharpness": 94.99967332564717,
            "transform_matrix": [
                [
                    0.8443311533718963,
                    0.3072809531251748,
                    -0.43895708137831374,
                    -2.68
                ],
                [
                    -0.5358217085070412,
                    0.4841857728392006,
                    -0.6917074772421516,
                    -4.22
                ],
                [
                    -1.1759200379796164e-05,
                    0.8192329053612228,
                    0.5734609373227885,
                    5.15
                ],
                [
                    0.0,
                    0.0,
                    0.0,
                    1.0
                ]
            ]
        },
        {
            "file_path": "./images/pic32.png",
            "sharpness": 74.96715448380887,
            "transform_matrix": [
                [
                    0.6845536936378303,
                    0.41803471417966964,
                    -0.5971877579685689,
                    -3.64
                ],
                [
                    -0.7289624410418827,
                    0.39255796981200675,
                    -0.5608136944541706,
                    -3.42
                ],
                [
                    -8.77860446832357e-06,
                    0.8192345317903769,
                    0.5734586138904346,
                    5.15
                ],
                [
                    0.0,
                    0.0,
                    0.0,
                    1.0
                ]
            ]
        },
        {
            "file_path": "./images/pic35.png",
            "sharpness": 90.92088820327314,
            "transform_matrix": [
                [
                    0.9048291022443042,
                    0.2441630712923017,
                    -0.34881039312049833,
                    -2.13
                ],
                [
                    -0.42577493551897694,
                    0.5188870163695424,
                    -0.7412637644772103,
                    -4.52
                ],
                [
                    3.946792533474075e-06,
                    0.8192317491773768,
                    0.5734625891234738,
                    5.15
                ],
                [
                    0.0,
                    0.0,
                    0.0,
                    1.0
                ]
            ]
        },
        {
            "file_path": "./images/pic44.png",
            "sharpness": 98.13651730900368,
            "transform_matrix": [
                [
                    0.7705083360581393,
                    -0.3655465753414451,
                    0.5221997752977863,
                    3.19
                ],
                [
                    0.6374299209034904,
                    0.44186474424314287,
                    -0.6312199646176535,
                    -3.85
                ],
                [
                    -1.3738026516108004e-06,
                    0.8192260060881142,
                    0.5734707934559784,
                    5.15
                ],
                [
                    0.0,
                    0.0,
                    0.0,
                    1.0
                ]
            ]
        },
        {
            "file_path": "./images/pic8.png",
            "sharpness": 114.52193551013083,
            "transform_matrix": [
                [
                    -0.7705083360581393,
                    -0.3655465753414451,
                    0.5221997752977863,
                    3.19
                ],
                [
                    0.6374299209034904,
                    -0.44186474424314287,
                    0.6312199646176535,
                    3.85
                ],
                [
                    1.3738026516108004e-06,
                    0.8192260060881142,
                    0.5734707934559784,
                    5.15
                ],
                [
                    0.0,
                    0.0,
                    0.0,
                    1.0
                ]
            ]
        },
        {
            "file_path": "./images/pic33.png",
            "sharpness": 78.40390425719698,
            "transform_matrix": [
                [
                    0.7705083360581393,
                    0.3655465753414451,
                    -0.5221997752977863,
                    -3.19
                ],
                [
                    -0.6374299209034904,
                    0.44186474424314287,
                    -0.6312199646176535,
                    -3.85
                ],
                [
                    1.3738026516108004e-06,
                    0.8192260060881142,
                    0.5734707934559784,
                    5.15
                ],
                [
                    0.0,
                    0.0,
                    0.0,
                    1.0
                ]
            ]
        },
        {
            "file_path": "./images/pic22.png",
            "sharpness": 89.77650959627123,
            "transform_matrix": [
                [
                    -0.48175298559313107,
                    0.5025310345541592,
                    -0.7178973604785235,
                    -4.38
                ],
                [
                    -0.8763070585287027,
                    -0.2762619972286396,
                    0.3946710631146093,
                    2.41
                ],
                [
                    6.699044608926563e-06,
                    0.8192324872691328,
                    0.5734615346803595,
                    5.15
                ],
                [
                    0.0,
                    0.0,
                    0.0,
                    1.0
                ]
            ]
        },
        {
            "file_path": "./images/pic14.png",
            "sharpness": 98.55408053040989,
            "transform_matrix": [
                [
                    -0.9980265787728565,
                    0.036002931051175885,
                    -0.05144644806662009,
                    -0.31
                ],
                [
                    -0.06279289772605279,
                    -0.5723278995054575,
                    0.8176171643518967,
                    4.99
                ],
                [
                    -7.623164566004925e-06,
                    0.8192341328359037,
                    0.5734591838470215,
                    5.15
                ],
                [
                    0.0,
                    0.0,
                    0.0,
                    1.0
                ]
            ]
        },
        {
            "file_path": "./images/pic38.png",
            "sharpness": 83.63159859446138,
            "transform_matrix": [
                [
                    0.9980265787728565,
                    0.036002931051175885,
                    -0.05144644806662009,
                    -0.31
                ],
                [
                    -0.06279289772605279,
                    0.5723278995054575,
                    -0.8176171643518966,
                    -4.99
                ],
                [
                    7.623164566004925e-06,
                    0.8192341328359037,
                    0.5734591838470215,
                    5.15
                ],
                [
                    0.0,
                    0.0,
                    0.0,
                    1.0
                ]
            ]
        },
        {
            "file_path": "./images/pic25.png",
            "sharpness": 87.37593126927096,
            "transform_matrix": [
                [
                    -0.12532869892747428,
                    0.5689410671057769,
                    -0.8127722801533563,
                    -4.96
                ],
                [
                    -0.9921152741270995,
                    -0.0718644774445098,
                    0.10267803915802737,
                    0.63
                ],
                [
                    8.297972293125344e-06,
                    0.8192322985833549,
                    0.5734618042110355,
                    5.15
                ],
                [
                    0.0,
                    0.0,
                    0.0,
                    1.0
                ]
            ]
        },
        {
            "file_path": "./images/pic12.png",
            "sharpness": 111.42189826610453,
            "transform_matrix": [
                [
                    -0.9822894234369892,
                    -0.1074482278238161,
                    0.1535003809159707,
                    0.94
                ],
                [
                    0.18736992446920256,
                    -0.5633113668665559,
                    0.8047190909648767,
                    4.91
                ],
                [
                    2.8691681442025163e-06,
                    0.8192284066708462,
                    0.5734673641065497,
                    5.15
                ],
                [
                    0.0,
                    0.0,
                    0.0,
                    1.0
                ]
            ]
        },
        {
            "file_path": "./images/pic21.png",
            "sharpness": 95.783976031827,
            "transform_matrix": [
                [
                    -0.5877832645438248,
                    0.46394237730045745,
                    -0.6627731923267597,
                    -4.05
                ],
                [
                    -0.8090184385356829,
                    -0.33706644363446836,
                    0.4815344003131005,
                    2.94
                ],
                [
                    5.61155936557034e-06,
                    0.8192335949656921,
                    0.5734599522617937,
                    5.15
                ],
                [
                    0.0,
                    0.0,
                    0.0,
                    1.0
                ]
            ]
        },
        {
            "file_path": "./images/pic29.png",
            "sharpness": 76.2954752788429,
            "transform_matrix": [
                [
                    0.3681278737371998,
                    0.5331822862664015,
                    -0.7617076330124709,
                    -4.65
                ],
                [
                    -0.9297751709789129,
                    0.21110662684031153,
                    -0.3015826976721949,
                    -1.84
                ],
                [
                    2.9768005307961865e-06,
                    0.8192378419701072,
                    0.5734538850468276,
                    5.15
                ],
                [
                    0.0,
                    0.0,
                    0.0,
                    1.0
                ]
            ]
        },
        {
            "file_path": "./images/pic37.png",
            "sharpness": 85.12280305742877,
            "transform_matrix": [
                [
                    0.9822894234369892,
                    0.1074482278238161,
                    -0.1535003809159707,
                    -0.94
                ],
                [
                    -0.18736992446920256,
                    0.5633113668665559,
                    -0.8047190909648766,
                    -4.91
                ],
                [
                    2.8691681442025163e-06,
                    0.8192284066708462,
                    0.5734673641065497,
                    5.15
                ],
                [
                    0.0,
                    0.0,
