{
    "camera_angle_x": -30.31998,
    "camera_angle_y": 0.0,
    "fl_x": 868.8239,
    "fl_y": 1303.236,
    "k1": 0.0,
    "k2": 0.0,
    "p1": 0.0,
    "p2": 0.0,
    "cx": 461.5,
    "cy": 259.5,
    "w": 923,
    "h": 519,
    "aabb_scale": 2,
    "frames": [
        {
            "file_path": "./images/pic19.png",
            "sharpness": 137.41276767593794,
            "transform_matrix": [
                [
                    0.989252578773875,
                    0.07900363754462589,
                    -0.1230356072198442,
                    -0.77
                ],
                [
                    -0.1462167410946563,
                    0.5344909871242154,
                    -0.8324302068682035,
                    -5.22
                ],
                [
                    -3.5911902517213323e-06,
                    0.8414735943199282,
                    0.5402982417604227,
                    4.89
                ],
                [
                    0.0,
                    0.0,
                    0.0,
                    1.0
                ]
            ]
        },
        {
            "file_path": "./images/pic31.png",
            "sharpness": 135.28088850678154,
            "transform_matrix": [
                [
                    0.9802143169838728,
                    0.10694188108744754,
                    -0.16656328181600485,
                    -1.04
                ],
                [
                    -0.19793911375974618,
                    0.5296076659310438,
                    -0.8248247252786971,
                    -5.17
                ],
                [
                    4.883223647986212e-06,
                    0.8414743931080435,
                    0.5402969976962708,
                    4.89
                ],
                [
                    0.0,
                    0.0,
                    0.0,
                    1.0
                ]
            ]
        },
        {
            "file_path": "./images/pic18.png",
            "sharpness": 151.75674944334378,
            "transform_matrix": [
                [
                    -0.785790674494421,
                    -0.33417145243063795,
                    0.5204444795153471,
                    3.26
                ],
                [
                    0.618492534995305,
                    -0.424554841686885,
                    0.6612262627537606,
                    4.14
                ],
                [
                    -5.717002255350989e-06,
                    0.841476456462462,
                    0.5402937841458978,
                    4.89
                ],
                [
                    0.0,
                    0.0,
                    0.0,
                    1.0
                ]
            ]
        },
        {
            "file_path": "./images/pic9.png",
            "sharpness": 140.77875604284844,
            "transform_matrix": [
                [
                    0.3356845075327034,
                    -0.5089289381249402,
                    0.792658342125753,
                    4.97
                ],
                [
                    0.9419744748970637,
                    0.18136924603249346,
                    -0.2824699722731717,
                    -1.77
                ],
                [
                    -6.702831547467092e-06,
                    0.8414847191319791,
                    0.540280915286156,
                    4.89
                ],
                [
                    0.0,
                    0.0,
                    0.0,
                    1.0
                ]
            ]
        },
        {
            "file_path": "./images/pic36.png",
            "sharpness": 142.12443084676173,
            "transform_matrix": [
                [
                    0.7346261179505581,
                    0.36656789296907594,
                    -0.5709224524128518,
                    -3.58
                ],
                [
                    -0.6784721562567779,
                    0.396910756055418,
                    -0.6181726174069787,
                    -3.87
                ],
                [
                    3.0283821434440306e-06,
                    0.8414807374929795,
                    0.5402871166510455,
                    4.89
                ],
                [
                    0.0,
                    0.0,
                    0.0,
                    1.0
                ]
            ]
        },
        {
            "file_path": "./images/pic42.png",
            "sharpness": 141.1294492556756,
            "transform_matrix": [
                [
                    -0.7167489313772407,
                    -0.3767642849466867,
                    0.5867875620343322,
                    3.68
                ],
                [
                    0.6973313196484029,
                    -0.3872587066953642,
                    0.6031249660941344,
                    3.78
                ],
                [
                    2.6457943901603276e-06,
                    0.8414745199215753,
                    0.5402968002086945,
                    4.89
                ],
                [
                    0.0,
                    0.0,
                    0.0,
                    1.0
                ]
            ]
        },
        {
            "file_path": "./images/pic26.png",
            "sharpness": 133.8752726054017,
            "transform_matrix": [
                [
                    0.9409481196155648,
                    -0.1829236178899933,
                    0.28487819539229087,
                    1.78
                ],
                [
                    0.33855078814193285,
                    0.5083913293254775,
                    -0.791783821579571,
                    -4.96
                ],
                [
                    6.356778770255644e-06,
                    0.8414732356318348,
                    0.5402988003640964,
                    4.89
                ],
                [
                    0.0,
                    0.0,
                    0.0,
                    1.0
                ]
            ]
        },
        {
            "file_path": "./images/pic1.png",
            "sharpness": 152.24126526264797,
            "transform_matrix": [
                [
                    -0.9763345402120321,
                    0.11683757583805067,
                    -0.18198858882152003,
                    -1.14
                ],
                [
                    -0.21626572891828338,
                    -0.52750055357818,
                    0.8215669786877745,
                    5.15
                ],
                [
                    -9.18716979257661e-06,
                    0.8414821132068121,
                    0.5402849739430058,
                    4.89
                ],
                [
                    0.0,
                    0.0,
                    0.0,
                    1.0
                ]
            ]
        },
        {
            "file_path": "./images/pic40.png",
            "sharpness": 142.0810269350392,
            "transform_matrix": [
                [
                    0.2366754735254769,
                    -0.5249407321172106,
                    0.8175707602377534,
                    5.12
                ],
                [
                    0.9715887608415353,
                    0.1278683131063166,
                    -0.1991606746065968,
                    -1.25
                ],
                [
                    6.15638029405341e-06,
                    0.8414790088098407,
                    0.5402898089863504,
                    4.89
                ],
                [
                    0.0,
                    0.0,
                    0.0,
                    1.0
                ]
            ]
        },
        {
            "file_path": "./images/pic27.png",
            "sharpness": 149.8068290937208,
            "transform_matrix": [
                [
                    -0.6473600663802811,
                    0.41180508364967705,
                    -0.6413591174501228,
                    -4.02
                ],
                [
                    -0.7621843244390405,
                    -0.3497594250454017,
                    0.5447415902713079,
                    3.41
                ],
                [
                    5.9599821528311114e-06,
                    0.8414778176946748,
                    0.5402916640966119,
                    4.89
                ],
                [
                    0.0,
                    0.0,
                    0.0,
                    1.0
                ]
            ]
        },
        {
            "file_path": "./images/pic24.png",
            "sharpness": 135.21218399751805,
            "transform_matrix": [
                [
                    0.7701424985382571,
                    0.3446306199725401,
                    -0.5367590406528728,
                    -3.36
                ],
                [
                    -0.6378718773563223,
                    0.4161003905463383,
                    -0.6480585876794666,
                    -4.06
                ],
                [
                    4.813594434965873e-06,
                    0.8414809568638655,
                    0.5402867749744592,
                    4.89
                ],
                [
                    0.0,
                    0.0,
                    0.0,
                    1.0
                ]
            ]
        },
        {
            "file_path": "./images/pic2.png",
            "sharpness": 135.07654306742322,
            "transform_matrix": [
                [
                    0.7379061613224311,
                    -0.3646518143678209,
                    0.5679115700182997,
                    3.56
                ],
                [
                    0.6749033242182298,
                    0.39868435235620603,
                    -0.6209317918624356,
                    -3.89
                ],
                [
                    6.448012957238625e-06,
                    0.8414748014436133,
                    0.5402963617255389,
                    4.89
                ],
                [
                    0.0,
                    0.0,
                    0.0,
                    1.0
                ]
            ]
        },
        {
            "file_path": "./images/pic49.png",
            "sharpness": 151.19021276651023,
            "transform_matrix": [
                [
                    -0.8375025616432786,
                    -0.29523502026264903,
                    0.4598105501741549,
                    2.88
                ],
                [
                    0.5464333987017167,
                    -0.45249053899419006,
                    0.7047431112852666,
                    4.42
                ],
                [
                    -4.923056749595034e-06,
                    0.8414800026924347,
                    0.5402882610648717,
                    4.89
                ],
                [
                    0.0,
                    0.0,
                    0.0,
                    1.0
                ]
            ]
        },
        {
            "file_path": "./images/pic6.png",
            "sharpness": 147.59629626579923,
            "transform_matrix": [
                [
                    -0.9466910889808746,
                    -0.17404514123175135,
                    0.2710798237748897,
                    1.7
                ],
                [
                    0.3221427974739248,
                    -0.5114952321918549,
                    0.796615745187524,
                    4.99
                ],
                [
                    8.937525664831636e-06,
                    0.8414754400804696,
                    0.5402953670553732,
                    4.89
                ],
                [
                    0.0,
                    0.0,
                    0.0,
                    1.0
                ]
            ]
        },
        {
            "file_path": "./images/pic46.png",
            "sharpness": 146.4936610936626,
            "transform_matrix": [
                [
                    -0.27855492361278955,
                    0.5189068102663699,
                    -0.8081725538461793,
                    -5.06
                ],
                [
                    -0.9604203009781571,
                    -0.15050054753265338,
                    0.23439801761405388,
                    1.47
                ],
                [
                    3.1579815623627994e-07,
                    0.8414780492987052,
                    0.5402913034172834,
                    4.89
                ],
                [
                    0.0,
                    0.0,
                    0.0,
                    1.0
                ]
            ]
        },
        {
            "file_path": "./images/pic3.png",
            "sharpness": 147.40628801304857,
            "transform_matrix": [
                [
                    -0.30735148848095406,
                    0.5141379657089598,
                    -0.8007479096102561,
                    -5.02
                ],
                [
                    -0.9515960605889413,
                    -0.16605932048961622,
                    0.2586295411397066,
                    1.62
                ],
                [
                    -3.8759954928968554e-07,
                    0.8414787307443842,
                    0.5402902420964775,
                    4.89
                ],
                [
                    0.0,
                    0.0,
                    0.0,
                    1.0
                ]
            ]
        },
        {
            "file_path": "./images/pic0.png",
            "sharpness": 133.6223526062322,
            "transform_matrix": [
                [
                    1.0000000000000002,
                    0.0,
                    0.0,
                    0.0
                ],
                [
                    0.0,
                    0.5402867388992284,
                    -0.8414809800403318,
                    -5.27
                ],
                [
                    0.0,
                    0.8414809800403318,
                    0.5402867388992284,
                    4.89
                ],
                [
                    0.0,
                    0.0,
                    0.0,
                    1.0
                ]
            ]
        },
        {
            "file_path": "./images/pic16.png",
            "sharpness": 142.3793755900622,
            "transform_matrix": [
                [
                    0.1318567907803867,
                    -0.5355661647627832,
                    0.8341358821477356,
                    5.23
                ],
                [
                    0.991268776212656,
                    0.07124477201148594,
                    -0.11095222290199969,
                    -0.7
                ],
                [
                    -5.564258685697432e-06,
                    0.8414826591334578,
                    0.5402841237226246,
                    4.89
                ],
                [
                    0.0,
                    0.0,
                    0.0,
                    1.0
                ]
            ]
        },
        {
            "file_path": "./images/pic15.png",
            "sharpness": 151.18039731093808,
            "transform_matrix": [
                [
                    -0.6056952396698814,
                    0.42991309451795845,
                    -0.6695580690300421,
                    -4.19
                ],
                [
                    -0.79569672400999,
                    -0.3272489604050053,
                    0.5096811172817899,
                    3.19
                ],
                [
                    6.4043271207347985e-06,
                    0.8414765885488655,
                    0.5402935784211658,
                    4.89
                ],
                [
                    0.0,
                    0.0,
                    0.0,
                    1.0
                ]
            ]
        },
        {
            "file_path": "./images/pic30.png",
            "sharpness": 150.9213755601332,
            "transform_matrix": [
                [
                    -0.753177048757317,
                    -0.35541036899038353,
                    0.5535411482801776,
                    3.47
                ],
                [
                    0.6578178571567189,
                    -0.406938808475629,
                    0.6337795144702753,
                    3.97
                ],
                [
                    5.564226940313333e-06,
                    0.8414774362813032,
                    0.5402922581330262,
                    4.89
                ],
                [
                    0.0,
                    0.0,
                    0.0,
                    1.0
                ]
            ]
        },
        {
            "file_path": "./images/pic28.png",
            "sharpness": 142.01668121112158,
            "transform_matrix": [
                [
                    0.18590256779858094,
                    -0.5308719962520688,
                    0.8268102314807418,
                    5.18
                ],
                [
                    0.9825681835295356,
                    0.10044034238801869,
                    -0.15643369949102026,
                    -0.98
                ],
                [
                    1.1675900514207527e-06,
                    0.8414788536952794,
                    0.5402900506045949,
                    4.89
                ],
                [
                    0.0,
                    0.0,
                    0.0,
                    1.0
                ]
            ]
        },
        {
            "file_path": "./images/pic20.png",
            "sharpness": 150.9253418552299,
            "transform_matrix": [
                [
                    -0.9315399205456124,
                    0.1964738324182705,
                    -0.30599249926224,
                    -1.92
                ],
                [
                    -0.3636390743454801,
                    -0.5032956401258025,
                    0.7838750680047947,
                    4.91
                ],
                [
                    6.247958151184285e-06,
                    0.8414817477552536,
                    0.5402855431674319,
                    4.89
                ],
                [
                    0.0,
                    0.0,
                    0.0,
                    1.0
                ]
            ]
        },
        {
            "file_path": "./images/pic23.png",
            "sharpness": 149.97715828592393,
            "transform_matrix": [
                [
                    -0.3530378795519074,
                    -0.5054933064740719,
                    0.7872996714792931,
                    4.93
                ],
                [
                    0.9356090292420095,
                    -0.190741603105741,
                    0.29707471323806206,
                    1.86
                ],
                [
                    1.522398038911188e-06,
                    0.8414833081853508,
                    0.5402831128613224,
                    4.89
                ],
                [
                    0.0,
                    0.0,
                    0.0,
                    1.0
                ]
            ]
        },
        {
            "file_path": "./images/pic13.png",
            "sharpness": 148.82829090635332,
            "transform_matrix": [
                [
                    -0.9930612290075232,
                    -0.06353200388173015,
                    0.09895999153617197,
                    0.62
                ],
                [
                    0.11759844988671847,
                    -0.5365333134171889,
                    0.8356450252217226,
                    5.24
                ],
                [
                    5.129168504341974e-06,
                    0.8414842173661631,
                    0.5402816968002407,
                    4.89
                ],
                [
                    0.0,
                    0.0,
                    0.0,
                    1.0
                ]
            ]
        },
        {
            "file_path": "./images/pic17.png",
            "sharpness": 140.5483834750572,
            "transform_matrix": [
                [
                    0.3765255823782461,
                    0.5005256056590797,
                    -0.7795528230301868,
                    -4.88
                ],
                [
                    -0.9264062207158638,
                    0.20342675598892104,
                    -0.3168423411837092,
                    -1.99
                ],
                [
                    -5.802808380472868e-06,
                    0.8414818316680611,
                    0.5402854124801927,
                    4.89
                ],
                [
                    0.0,
                    0.0,
                    0.0,
                    1.0
                ]
            ]
        },
        {
            "file_path": "./images/pic5.png",
            "sharpness": 137.79676509501212,
            "transform_matrix": [
                [
                    0.662801916967179,
                    0.40457053176626556,
                    -0.6300922977556497,
                    -3.95
                ],
                [
                    -0.7487947775266653,
                    0.3581130841243841,
                    -0.557728787250321,
                    -3.49
                ],
                [
                    3.663993078689698e-06,
                    0.8414735312564996,
                    0.5402983399764358,
                    4.89
                ],
                [
                    0.0,
                    0.0,
                    0.0,
                    1.0
                ]
            ]
        },
        {
            "file_path": "./images/pic43.png",
            "sharpness": 134.52509717826612,
            "transform_matrix": [
                [
                    0.9679768854804551,
                    0.13562663959047894,
                    -0.21124905635044103,
                    -1.32
                ],
                [
                    -0.25103933774872883,
                    0.5229893306351131,
                    -0.8145314057447482,
                    -5.1
                ],
                [
                    8.845175947319595e-06,
                    0.8414793964650771,
                    0.5402892051915643,
                    4.89
                ],
                [
                    0.0,
                    0.0,
                    0.0,
                    1.0
                ]
            ]
        },
        {
            "file_path": "./images/pic11.png",
            "sharpness": 149.91434893937327,
            "transform_matrix": [
                [
                    -0.4030324092896262,
                    -0.49446055099549535,
                    0.7701127453635803,
                    4.82
                ],
                [
                    0.9151857063252147,
                    -0.21775254801996669,
                    0.3391444393895177,
                    2.12
                ],
                [
                    4.661979721432008e-07,
                    0.8414823773199553,
                    0.5402845626702094,
                    4.89
                ],
                [
                    0.0,
                    0.0,
                    0.0,
                    1.0
                ]
            ]
        },
        {
            "file_path": "./images/pic47.png",
            "sharpness": 147.42263536606458,
            "transform_matrix": [
                [
                    -0.23481498571560866,
                    -0.5251802294621659,
                    0.8179533293932152,
                    5.12
                ],
                [
                    0.9720400827261845,
                    -0.12686085106865316,
                    0.19759656383603896,
                    1.24
                ],
                [
                    -7.553235084722942e-06,
                    0.8414820562841516,
                    0.5402850626241159,
                    4.89
                ],
                [
                    0.0,
                    0.0,
                    0.0,
                    1.0
                ]
            ]
        },
        {
            "file_path": "./images/pic7.png",
            "sharpness": 133.6626021932721,
            "transform_matrix": [
                [
                    0.9816670779404317,
                    -0.1029740359356332,
                    0.16039356599010154,
                    1.0
                ],
                [
                    0.19060364110452058,
                    0.5303886402149837,
                    -0.8260497214626972,
                    -5.18
                ],
                [
                    -9.251662202613975e-06,
                    0.8414774139892451,
                    0.5402922928012014,
                    4.89
                ],
                [
                    0.0,
                    0.0,
                    0.0,
                    1.0
                ]
            ]
        },
        {
            "file_path": "./images/pic48.png",
            "sharpness": 142.2343325691614,
            "transform_matrix": [
                [
                    0.6876895696953055,
                    0.3922526529240013,
                    -0.6109180894411035,
                    -3.83
                ],
                [
                    -0.7260048592899273,
                    0.37155645629800793,
                    -0.5786732619282482,
                    -3.63
                ],
                [
                    4.438233545067671e-06,
                    0.8414770680519755,
                    0.5402928316412801,
                    4.89
                ],
                [
                    0.0,
                    0.0,
                    0.0,
                    1.0
                ]
            ]
        },
        {
            "file_path": "./images/pic10.png",
            "sharpness": 145.69009279755997,
            "transform_matrix": [
                [
                    -0.10496978476576058,
                    0.5372955487924621,
                    -0.8368362071122624,
                    -5.24
                ],
                [
                    -0.9944754115802812,
                    -0.0567190051627999,
                    0.08832672424341992,
                    0.55
                ],
                [
                    -6.961376209480008e-06,
                    0.8414846687261449,
                    0.5402809937897038,
                    4.89
                ],
                [
                    0.0,
                    0.0,
                    0.0,
                    1.0
                ]
            ]
        },
        {
            "file_path": "./images/pic45.png",
            "sharpness": 136.37267886003346,
            "transform_matrix": [
                [
                    0.7071769894872957,
                    -0.38201386801944187,
                    0.594950510698587,
                    3.73
                ],
                [
                    0.7070365658713692,
                    0.38208048169493336,
                    -0.5950746171940023,
                    -3.73
                ],
                [
                    7.778562106763864e-06,
                    0.8414748422553059,
                    0.5402962981465835,
                    4.89
                ],
                [
                    0.0,
                    0.0,
                    0.0,
                    1.0
                ]
            ]
        },
        {
            "file_path": "./images/pic39.png",
            "sharpness": 160.74040207578594,
            "transform_matrix": [
                [
                    -0.6908282194152825,
                    0.3906395861922667,
                    -0.6084053623687458,
                    -3.81
                ],
                [
                    -0.723018928693208,
                    -0.3732511128620453,
                    0.5813150914078961,
                    3.64
                ],
                [
                    -3.2918204701248843e-06,
                    0.8414774628276026,
                    0.5402922168071502,
                    4.89
                ],
                [
                    0.0,
                    0.0,
                    0.0,
                    1.0
                ]
            ]
        },
        {
            "file_path": "./images/pic34.png",
            "sharpness": 142.98881501032272,
            "transform_matrix": [
                [
                    -0.21065428848432682,
                    0.5281687183290338,
                    -0.8225950253446883,
                    -5.15
                ],
                [
                    -0.977560622529678,
                    -0.1138108542903235,
                    0.17726341620620883,
                    1.11
                ],
                [
                    4.7487748101038285e-06,
                    0.8414778038809896,
                    0.5402916856227538,
                    4.89
                ],
                [
                    0.0,
                    0.0,
                    0.0,
                    1.0
                ]
            ]
        },
        {
            "file_path": "./images/pic32.png",
            "sharpness": 149.83406289555825,
            "transform_matrix": [
                [
                    -0.9492585478203549,
                    0.16991479686682864,
                    -0.2646453687403111,
                    -1.66
                ],
                [
                    -0.3144967556959384,
                    -0.5128791381113907,
                    0.7987783048799247,
                    5.0
                ],
                [
                    -6.835209399799758e-06,
                    0.8414772435995054,
                    0.5402925582103261,
                    4.89
                ],
                [
                    0.0,
                    0.0,
                    0.0,
                    1.0
                ]
            ]
        },
        {
            "file_path": "./images/pic35.png",
            "sharpness": 136.8112817499507,
            "transform_matrix": [
                [
                    -0.3031023725364753,
                    -0.5148766599801842,
                    0.801892122900836,
                    5.02
                ],
                [
                    0.9529580010414715,
                    -0.1637608486345109,
                    0.2550557443100384,
                    1.6
                ],
                [
                    -3.7151795420076184e-06,
                    0.841477515719912,
                    0.5402921344273326,
                    4.89
                ],
                [
                    0.0,
                    0.0,
                    0.0,
                    1.0
                ]
            ]
        },
        {
            "file_path": "./images/pic44.png",
            "sharpness": 146.28977508934966,
            "transform_matrix": [
                [
                    -0.9648816915514823,
                    0.14193271543036728,
                    -0.22103942091697626,
                    -1.38
                ],
                [
                    -0.2626848325389397,
                    -0.5213152660882356,
                    0.8119279968675429,
                    5.09
                ],
                [
                    7.920798026125886e-06,
                    0.8414781623036417,
                    0.5402911273594511,
                    4.89
                ],
                [
                    0.0,
                    0.0,
                    0.0,
                    1.0
                ]
            ]
        },
        {
            "file_path": "./images/pic8.png",
            "sharpness": 151.189488467429,
            "transform_matrix": [
                [
                    -0.7577521926812493,
                    0.3525601779130091,
                    -0.549101935378766,
                    -3.44
                ],
                [
                    -0.6525424235140697,
                    -0.4094050258294933,
                    0.6376330530484885,
                    3.99
                ],
                [
                    -1.0694107781816786e-06,
                    0.8414801517418573,
                    0.5402880289469285,
                    4.89
                ],
                [
                    0.0,
                    0.0,
                    0.0,
                    1.0
                ]
            ]
        },
        {
            "file_path": "./images/pic33.png",
            "sharpness": 134.6274358062746,
            "transform_matrix": [
                [
                    0.6678501919025251,
                    -0.40213071822375834,
                    0.626312227755937,
                    3.92
                ],
                [
                    0.7442957215871684,
                    0.36082656698377835,
                    -0.5619858248975124,
                    -3.52
                ],
                [
                    1.6723964709475236e-06,
                    0.8414838525007745,
                    0.5402822650963641,
                    4.89
                ],
                [
                    0.0,
                    0.0,
                    0.0,
                    1.0
                ]
            ]
        },
        {
            "file_path": "./images/pic22.png",
            "sharpness": 148.3248725654277,
            "transform_matrix": [
                [
                    -0.16024321582567003,
                    0.533309901107046,
                    -0.8306037931306605,
                    -5.2
                ],
                [
                    -0.9870775611622113,
                    -0.08657327813731766,
                    0.13484419068917963,
                    0.84
                ],
                [
                    5.6487966942908585e-06,
                    0.8414782331669381,
                    0.540291017021697,
                    4.89
                ],
                [
                    0.0,
                    0.0,
                    0.0,
                    1.0
                ]
            ]
        },
        {
            "file_path": "./images/pic14.png",
            "sharpness": 135.32019648393307,
            "transform_matrix": [
                [
                    0.9209988649708966,
                    -0.21047254430512427,
                    0.32781457993208263,
                    2.05
                ],
                [
                    0.3895652585017684,
                    0.49761365325256557,
                    -0.7749964912598546,
                    -4.86
                ],
                [
                    -9.527366453182529e-06,
                    0.8414760603786438,
                    0.5402944009693847,
                    4.89
                ],
                [
                    0.0,
                    0.0,
                    0.0,
                    1.0
                ]
            ]
        },
        {
            "file_path": "./images/pic38.png",
            "sharpness": 141.7842921714384,
            "transform_matrix": [
                [
                    0.9572310452716506,
                    -0.15632005033346358,
                    0.24345999226133025,
                    1.53
                ],
                [
                    0.28932460311517444,
                    0.5171870256308646,
                    -0.8054867190409452,
                    -5.05
                ],
                [
                    -6.247943337561734e-07,
                    0.8414758596554289,
                    0.5402947136672418,
                    4.89
                ],
                [
                    0.0,
                    0.0,
                    0.0,
                    1.0
                ]
            ]
        },
        {
            "file_path": "./images/pic25.png",
            "sharpness": 149.50013044993872,
            "transform_matrix": [
                [
                    -0.9852479251624435,
                    -0.09246246535447858,
                    0.14400423071448962,
                    0.9
                ],
                [
                    0.17113306506310685,
                    -0.5323140331134267,
                    0.8290689019572643,
                    5.19
                ],
                [
                    -2.2817866727753433e-06,
                    0.8414823008543254,
                    0.5402846817592591,
                    4.89
                ],
                [
                    0.0,
                    0.0,
                    0.0,
                    1.0
                ]
            ]
        },
        {
            "file_path": "./images/pic12.png",
            "sharpness": 139.02140123664677,
            "transform_matrix": [
                [
                    0.8038283803380437,
                    0.32139383830928264,
                    -0.5005656157387807,
                    -3.14
                ],
                [
                    -0.5948612736921269,
                    0.43430235736137907,
                    -0.6764033762864656,
                    -4.24
                ],
                [
                    4.949579337498733e-06,
                    0.8414793301603886,
                    0.5402893085082529,
                    4.89
                ],
                [
                    0.0,
                    0.0,
                    0.0,
                    1.0
                ]
            ]
        },
        {
            "file_path": "./images/pic21.png",
            "sharpness": 138.81386399669017,
            "transform_matrix": [
                [
                    0.6284579944741303,
                    -0.42025437372992264,
                    0.6545432075443337,
                    4.1
                ],
                [
                    0.7778435248358216,
                    0.3395519944775568,
                    -0.5288325764524138,
                    -3.31
                ],
                [
                    -7.248368425361029e-06,
                    0.8414812561235003,
                    0.54028630885881,
                    4.89
                ],
                [
                    0.0,
                    0.0,
                    0.0,
                    1.0
                ]
            ]
        },
        {
            "file_path": "./images/pic29.png",
            "sharpness": 143.50182133169344,
            "transform_matrix": [
                [
                    0.3265402199133586,
                    0.5106724826330861,
                    -0.7953521863050959,
                    -4.98
                ],
                [
                    -0.9451833074773668,
                    0.17642022827590306,
                    -0.2747806731217173,
                    -1.72
                ],
                [
                    -6.714254974227174e-06,
                    0.8414805514903114,
                    0.5402874063111966,
                    4.89
                ],
                [
