{
    "camera_angle_x": -30.31998,
    "camera_angle_y": 0.0,
    "fl_x": 694.6826,
    "fl_y": 1042.024,
    "k1": 0.0,
    "k2": 0.0,
    "p1": 0.0,
    "p2": 0.0,
    "cx": 369.0,
    "cy": 230.5,
    "w": 738,
    "h": 461,
    "aabb_scale": 2,
    "frames": [
        {
            "file_path": "./images/pic19.png",
            "sharpness": 96.9170468943827,
            "transform_matrix": [
                [
                    -0.7705083360581393,
                    0.3655465753414451,
                    -0.5221997752977863,
                    -3.19
                ],
                [
                    -0.6374299209034904,
                    -0.44186474424314287,
                    0.6312199646176535,
                    3.85
                ],
                [
                    -1.3738026516108004e-06,
                    0.8192260060881142,
                    0.5734707934559784,
                    5.15
                ],
                [
                    0.0,
                    0.0,
                    0.0,
                    1.0
                ]
            ]
        },
        {
            "file_path": "./images/pic31.png",
            "sharpness": 78.33454344792764,
            "transform_matrix": [
                [
                    0.5877832645438248,
                    0.46394237730045745,
                    -0.6627731923267597,
                    -4.05
                ],
                [
                    -0.8090184385356829,
                    0.33706644363446836,
                    -0.48153440031310046,
                    -2.94
                ],
                [
                    -5.61155936557034e-06,
                    0.8192335949656921,
                    0.5734599522617937,
                    5.15
                ],
                [
                    0.0,
                    0.0,
                    0.0,
                    1.0
                ]
            ]
        },
        {
            "file_path": "./images/pic18.png",
            "sharpness": 91.8250357082147,
            "transform_matrix": [
                [
                    -0.8443311533718963,
                    0.3072809531251748,
                    -0.43895708137831374,
                    -2.68
                ],
                [
                    -0.5358217085070412,
                    -0.4841857728392006,
                    0.6917074772421515,
                    4.22
                ],
                [
                    1.1759200379796164e-05,
                    0.819232905361223,
                    0.5734609373227885,
                    5.15
                ],
                [
                    0.0,
                    0.0,
                    0.0,
                    1.0
                ]
            ]
        },
        {
            "file_path": "./images/pic9.png",
            "sharpness": 122.96648710122649,
            "transform_matrix": [
                [
                    -0.8443311533718963,
                    -0.3072809531251748,
                    0.43895708137831374,
                    2.68
                ],
                [
                    0.5358217085070412,
                    -0.4841857728392006,
                    0.6917074772421515,
                    4.22
                ],
                [
                    -1.1759200379796164e-05,
                    0.819232905361223,
                    0.5734609373227885,
                    5.15
                ],
                [
                    0.0,
                    0.0,
                    0.0,
                    1.0
                ]
            ]
        },
        {
            "file_path": "./images/pic36.png",
            "sharpness": 85.61643974191156,
            "transform_matrix": [
                [
                    0.9510555590546602,
                    0.17720967500354795,
                    -0.25316013642823976,
                    -1.55
                ],
                [
                    -0.30901994043359526,
                    0.5453958497584741,
                    -0.7791341626964188,
                    -4.76
                ],
                [
                    2.375976657212342e-06,
                    0.8192314069610425,
                    0.57346307801199,
                    5.15
                ],
                [
                    0.0,
                    0.0,
                    0.0,
                    1.0
                ]
            ]
        },
        {
            "file_path": "./images/pic42.png",
            "sharpness": 96.212953766801,
            "transform_matrix": [
                [
                    0.9048291022443042,
                    -0.2441630712923017,
                    0.34881039312049833,
                    2.13
                ],
                [
                    0.42577493551897694,
                    0.5188870163695424,
                    -0.7412637644772103,
                    -4.52
                ],
                [
                    -3.946792533474075e-06,
                    0.8192317491773768,
                    0.5734625891234738,
                    5.15
                ],
                [
                    0.0,
                    0.0,
                    0.0,
                    1.0
                ]
            ]
        },
        {
            "file_path": "./images/pic26.png",
            "sharpness": 86.66764134157904,
            "transform_matrix": [
                [
                    0.0,
                    0.5734563327230461,
                    -0.8192361286343732,
                    -5.0
                ],
                [
                    -1.0000000000000002,
                    0.0,
                    0.0,
                    0.0
                ],
                [
                    0.0,
                    0.8192361286343732,
                    0.5734563327230461,
                    5.15
                ],
                [
                    0.0,
                    0.0,
                    0.0,
                    1.0
                ]
            ]
        },
        {
            "file_path": "./images/pic1.png",
            "sharpness": 93.01752603937729,
            "transform_matrix": [
                [
                    0.0,
                    -0.5734563327230461,
                    0.8192361286343732,
                    5.0
                ],
                [
                    1.0000000000000002,
                    0.0,
                    0.0,
                    0.0
                ],
                [
                    0.0,
                    0.8192361286343732,
                    0.5734563327230461,
                    5.15
                ],
                [
                    0.0,
                    0.0,
                    0.0,
                    1.0
                ]
            ]
        },
        {
            "file_path": "./images/pic40.png",
            "sharpness": 101.00139607896115,
            "transform_matrix": [
                [
                    0.9822894234369892,
                    -0.1074482278238161,
                    0.1535003809159707,
                    0.94
                ],
                [
                    0.18736992446920256,
                    0.5633113668665559,
                    -0.8047190909648766,
                    -4.91
                ],
                [
                    -2.8691681442025163e-06,
                    0.8192284066708462,
                    0.5734673641065497,
                    5.15
                ],
                [
                    0.0,
                    0.0,
                    0.0,
                    1.0
                ]
            ]
        },
        {
            "file_path": "./images/pic27.png",
            "sharpness": 83.93744963956811,
            "transform_matrix": [
                [
                    0.12532869892747434,
                    0.5689410671057769,
                    -0.8127722801533563,
                    -4.96
                ],
                [
                    -0.9921152741270995,
                    0.0718644774445098,
                    -0.10267803915802731,
                    -0.63
                ],
                [
                    -8.297972293125344e-06,
                    0.8192322985833548,
                    0.5734618042110355,
                    5.15
                ],
                [
                    0.0,
                    0.0,
                    0.0,
                    1.0
                ]
            ]
        },
        {
            "file_path": "./images/pic24.png",
            "sharpness": 85.94518081053522,
            "transform_matrix": [
                [
                    -0.24869415064784806,
                    0.5554400359056925,
                    -0.7934970610825401,
                    -4.84
                ],
                [
                    -0.9685820664375043,
                    -0.14261793348137503,
                    0.20373734469938454,
                    1.24
                ],
                [
                    -3.033019979725715e-06,
                    0.8192353090306747,
                    0.5734575035939591,
                    5.15
                ],
                [
                    0.0,
                    0.0,
                    0.0,
                    1.0
                ]
            ]
        },
        {
            "file_path": "./images/pic2.png",
            "sharpness": 101.91498078579382,
            "transform_matrix": [
                [
                    -0.12532869892747428,
                    -0.5689410671057769,
                    0.8127722801533563,
                    4.96
                ],
                [
                    0.9921152741270995,
                    -0.0718644774445098,
                    0.10267803915802737,
                    0.63
                ],
                [
                    -8.297972293125344e-06,
                    0.8192322985833549,
                    0.5734618042110355,
                    5.15
                ],
                [
                    0.0,
                    0.0,
                    0.0,
                    1.0
                ]
            ]
        },
        {
            "file_path": "./images/pic49.png",
            "sharpness": 93.57496906817912,
            "transform_matrix": [
                [
                    0.24869415064784806,
                    -0.5554400359056925,
                    0.7934970610825401,
                    4.84
                ],
                [
                    0.9685820664375043,
                    0.14261793348137503,
                    -0.20373734469938454,
                    -1.24
                ],
                [
                    -3.033019979725715e-06,
                    0.8192353090306747,
                    0.5734575035939591,
                    5.15
                ],
                [
                    0.0,
                    0.0,
                    0.0,
                    1.0
                ]
            ]
        },
        {
            "file_path": "./images/pic6.png",
            "sharpness": 104.81231147912663,
            "transform_matrix": [
                [
                    -0.5877832645438248,
                    -0.46394237730045745,
                    0.6627731923267597,
                    4.05
                ],
                [
                    0.8090184385356829,
                    -0.33706644363446836,
                    0.4815344003131005,
                    2.94
                ],
                [
                    -5.61155936557034e-06,
                    0.8192335949656921,
                    0.5734599522617937,
                    5.15
                ],
                [
                    0.0,
                    0.0,
                    0.0,
                    1.0
                ]
            ]
        },
        {
            "file_path": "./images/pic46.png",
            "sharpness": 94.16004048638007,
            "transform_matrix": [
                [
                    0.5877832645438248,
                    -0.46394237730045745,
                    0.6627731923267597,
                    4.05
                ],
                [
                    0.8090184385356829,
                    0.33706644363446836,
                    -0.48153440031310046,
                    -2.94
                ],
                [
                    5.61155936557034e-06,
                    0.8192335949656921,
                    0.5734599522617937,
                    5.15
                ],
                [
                    0.0,
                    0.0,
                    0.0,
                    1.0
                ]
            ]
        },
        {
            "file_path": "./images/pic3.png",
            "sharpness": 106.63978867458101,
            "transform_matrix": [
                [
                    -0.24869415064784806,
                    -0.5554400359056925,
                    0.7934970610825401,
                    4.84
                ],
                [
                    0.9685820664375043,
                    -0.14261793348137503,
                    0.20373734469938454,
                    1.24
                ],
                [
                    3.033019979725715e-06,
                    0.8192353090306747,
                    0.5734575035939591,
                    5.15
                ],
                [
                    0.0,
                    0.0,
                    0.0,
                    1.0
                ]
            ]
        },
        {
            "file_path": "./images/pic16.png",
            "sharpness": 99.67512275673882,
            "transform_matrix": [
                [
                    -0.9510555590546602,
                    0.17720967500354795,
                    -0.25316013642823976,
                    -1.55
                ],
                [
                    -0.30901994043359526,
                    -0.5453958497584741,
                    0.7791341626964187,
                    4.76
                ],
                [
                    -2.375976657212342e-06,
                    0.8192314069610425,
                    0.57346307801199,
                    5.15
                ],
                [
                    0.0,
                    0.0,
                    0.0,
                    1.0
                ]
            ]
        },
        {
            "file_path": "./images/pic15.png",
            "sharpness": 97.17417297429839,
            "transform_matrix": [
                [
                    -0.9822894234369892,
                    0.1074482278238161,
                    -0.1535003809159707,
                    -0.94
                ],
                [
                    -0.18736992446920256,
                    -0.5633113668665559,
                    0.8047190909648767,
                    4.91
                ],
                [
                    -2.8691681442025163e-06,
                    0.8192284066708462,
                    0.5734673641065497,
                    5.15
                ],
                [
                    0.0,
                    0.0,
                    0.0,
                    1.0
                ]
            ]
        },
        {
            "file_path": "./images/pic30.png",
            "sharpness": 75.36382428644802,
            "transform_matrix": [
                [
                    0.4817529855931311,
                    0.5025310345541592,
                    -0.7178973604785235,
                    -4.38
                ],
                [
                    -0.8763070585287027,
                    0.2762619972286396,
                    -0.3946710631146093,
                    -2.41
                ],
                [
                    -6.699044608926563e-06,
                    0.8192324872691328,
                    0.5734615346803595,
                    5.15
                ],
                [
                    0.0,
                    0.0,
                    0.0,
                    1.0
                ]
            ]
        },
        {
            "file_path": "./images/pic28.png",
            "sharpness": 82.20992519862517,
            "transform_matrix": [
                [
                    0.24869415064784806,
                    0.5554400359056925,
                    -0.7934970610825401,
                    -4.84
                ],
                [
                    -0.9685820664375043,
                    0.14261793348137503,
                    -0.20373734469938454,
                    -1.24
                ],
                [
                    3.033019979725715e-06,
                    0.8192353090306747,
                    0.5734575035939591,
                    5.15
                ],
                [
                    0.0,
                    0.0,
                    0.0,
                    1.0
                ]
            ]
        },
        {
            "file_path": "./images/pic20.png",
            "sharpness": 99.42644776353829,
            "transform_matrix": [
                [
                    -0.6845409323915013,
                    0.41803706554107645,
                    -0.5972007398809717,
                    -3.64
                ],
                [
                    -0.728974424702228,
                    -0.3925526080269954,
                    0.5608018705935816,
                    3.42
                ],
                [
                    3.260376960551037e-06,
                    0.8192359011695045,
                    0.5734566576685286,
                    5.15
                ],
                [
                    0.0,
                    0.0,
                    0.0,
                    1.0
                ]
            ]
        },
        {
            "file_path": "./images/pic23.png",
            "sharpness": 84.42849058036143,
            "transform_matrix": [
                [
                    -0.3681278737371998,
                    0.5331822862664015,
                    -0.7617076330124709,
                    -4.65
                ],
                [
                    -0.9297751709789129,
                    -0.21110662684031153,
                    0.3015826976721949,
                    1.84
                ],
                [
                    -2.9768005307961865e-06,
                    0.8192378419701072,
                    0.5734538850468276,
                    5.15
                ],
                [
                    0.0,
                    0.0,
                    0.0,
                    1.0
                ]
            ]
        },
        {
            "file_path": "./images/pic13.png",
            "sharpness": 107.01305920836786,
            "transform_matrix": [
                [
                    -0.9980265787728565,
                    -0.036002931051175885,
                    0.05144644806662009,
                    0.31
                ],
                [
                    0.06279289772605279,
                    -0.5723278995054575,
                    0.8176171643518967,
                    4.99
                ],
                [
                    7.623164566004925e-06,
                    0.8192341328359037,
                    0.5734591838470215,
                    5.15
                ],
                [
                    0.0,
                    0.0,
                    0.0,
                    1.0
                ]
            ]
        },
        {
            "file_path": "./images/pic17.png",
            "sharpness": 99.4936803650348,
            "transform_matrix": [
                [
                    -0.9048291022443042,
                    0.2441630712923017,
                    -0.34881039312049833,
                    -2.13
                ],
                [
                    -0.42577493551897694,
                    -0.5188870163695424,
                    0.7412637644772102,
                    4.52
                ],
                [
                    -3.946792533474075e-06,
                    0.8192317491773768,
                    0.5734625891234738,
                    5.15
                ],
                [
                    0.0,
                    0.0,
                    0.0,
                    1.0
                ]
            ]
        },
        {
            "file_path": "./images/pic5.png",
            "sharpness": 100.79003425108158,
            "transform_matrix": [
                [
                    -0.48175298559313107,
                    -0.5025310345541592,
                    0.7178973604785235,
                    4.38
                ],
                [
                    0.8763070585287027,
                    -0.2762619972286396,
                    0.3946710631146093,
                    2.41
                ],
                [
                    -6.699044608926563e-06,
                    0.8192324872691328,
                    0.5734615346803595,
                    5.15
                ],
                [
                    0.0,
                    0.0,
                    0.0,
                    1.0
                ]
            ]
        },
        {
            "file_path": "./images/pic43.png",
            "sharpness": 96.1873138235026,
            "transform_matrix": [
                [
                    0.8443311533718963,
                    -0.3072809531251748,
                    0.43895708137831374,
                    2.68
                ],
                [
                    0.5358217085070412,
                    0.4841857728392006,
                    -0.6917074772421516,
                    -4.22
                ],
                [
                    1.1759200379796164e-05,
                    0.8192329053612228,
                    0.5734609373227885,
                    5.15
                ],
                [
                    0.0,
                    0.0,
                    0.0,
                    1.0
                ]
            ]
        },
        {
            "file_path": "./images/pic11.png",
            "sharpness": 109.44219560313051,
            "transform_matrix": [
                [
                    -0.9510555590546602,
                    -0.17720967500354795,
                    0.25316013642823976,
                    1.55
                ],
                [
                    0.30901994043359526,
                    -0.5453958497584741,
                    0.7791341626964187,
                    4.76
                ],
                [
                    2.375976657212342e-06,
                    0.8192314069610425,
                    0.57346307801199,
                    5.15
                ],
                [
                    0.0,
                    0.0,
                    0.0,
                    1.0
                ]
            ]
        },
        {
            "file_path": "./images/pic47.png",
            "sharpness": 93.43536952964898,
            "transform_matrix": [
                [
                    0.4817529855931311,
                    -0.5025310345541592,
                    0.7178973604785235,
                    4.38
                ],
                [
                    0.8763070585287027,
                    0.2762619972286396,
                    -0.3946710631146093,
                    -2.41
                ],
                [
                    6.699044608926563e-06,
                    0.8192324872691328,
                    0.5734615346803595,
                    5.15
                ],
                [
                    0.0,
                    0.0,
                    0.0,
                    1.0
                ]
            ]
        },
        {
            "file_path": "./images/pic7.png",
            "sharpness": 103.89426718171127,
            "transform_matrix": [
                [
                    -0.6845409323915013,
                    -0.41803706554107645,
                    0.5972007398809717,
                    3.64
                ],
                [
                    0.728974424702228,
                    -0.3925526080269954,
                    0.5608018705935816,
                    3.42
                ],
                [
                    -3.260376960551037e-06,
                    0.8192359011695045,
                    0.5734566576685286,
                    5.15
                ],
                [
                    0.0,
                    0.0,
                    0.0,
                    1.0
                ]
            ]
        },
        {
            "file_path": "./images/pic48.png",
            "sharpness": 91.20488435406945,
            "transform_matrix": [
                [
                    0.3681278737371998,
                    -0.5331822862664015,
                    0.7617076330124709,
                    4.65
                ],
                [
                    0.9297751709789129,
                    0.21110662684031153,
                    -0.3015826976721949,
                    -1.84
                ],
                [
                    -2.9768005307961865e-06,
                    0.8192378419701072,
                    0.5734538850468276,
                    5.15
                ],
                [
                    0.0,
                    0.0,
                    0.0,
                    1.0
                ]
            ]
        },
        {
            "file_path": "./images/pic10.png",
            "sharpness": 110.77304200795581,
            "transform_matrix": [
                [
                    -0.9048291022443042,
                    -0.2441630712923017,
                    0.34881039312049833,
                    2.13
                ],
                [
                    0.42577493551897694,
                    -0.5188870163695424,
                    0.7412637644772102,
                    4.52
                ],
                [
                    3.946792533474075e-06,
                    0.8192317491773768,
                    0.5734625891234738,
                    5.15
                ],
                [
                    0.0,
                    0.0,
                    0.0,
                    1.0
                ]
            ]
        },
        {
            "file_path": "./images/pic45.png",
            "sharpness": 96.31050223361231,
            "transform_matrix": [
                [
                    0.6845409323915014,
                    -0.41803706554107645,
                    0.5972007398809717,
                    3.64
                ],
                [
                    0.728974424702228,
                    0.3925526080269954,
                    -0.5608018705935816,
                    -3.42
                ],
                [
                    3.260376960551037e-06,
                    0.8192359011695045,
                    0.5734566576685286,
                    5.15
                ],
                [
                    0.0,
                    0.0,
                    0.0,
                    1.0
                ]
            ]
        },
        {
            "file_path": "./images/pic39.png",
            "sharpness": 93.10793300500804,
            "transform_matrix": [
                [
                    0.9980265787728565,
                    -0.036002931051175885,
                    0.05144644806662009,
                    0.31
                ],
                [
                    0.06279289772605279,
                    0.5723278995054575,
                    -0.8176171643518966,
                    -4.99
                ],
                [
                    -7.623164566004925e-06,
                    0.8192341328359037,
                    0.5734591838470215,
                    5.15
                ],
                [
                    0.0,
                    0.0,
                    0.0,
                    1.0
                ]
            ]
        },
        {
            "file_path": "./images/pic34.png",
            "sharpness": 97.0202634081434,
            "transform_matrix": [
                [
                    0.8443311533718963,
                    0.3072809531251748,
                    -0.43895708137831374,
                    -2.68
                ],
                [
                    -0.5358217085070412,
                    0.4841857728392006,
                    -0.6917074772421516,
                    -4.22
                ],
                [
                    -1.1759200379796164e-05,
                    0.8192329053612228,
                    0.5734609373227885,
                    5.15
                ],
                [
                    0.0,
                    0.0,
                    0.0,
                    1.0
                ]
            ]
        },
        {
            "file_path": "./images/pic32.png",
            "sharpness": 72.84370828177263,
            "transform_matrix": [
                [
                    0.6845536936378303,
                    0.41803471417966964,
                    -0.5971877579685689,
                    -3.64
                ],
                [
                    -0.7289624410418827,
                    0.39255796981200675,
                    -0.5608136944541706,
                    -3.42
                ],
                [
                    -8.77860446832357e-06,
                    0.8192345317903769,
                    0.5734586138904346,
                    5.15
                ],
                [
                    0.0,
                    0.0,
                    0.0,
                    1.0
                ]
            ]
        },
        {
            "file_path": "./images/pic35.png",
            "sharpness": 91.8642118534692,
            "transform_matrix": [
                [
                    0.9048291022443042,
                    0.2441630712923017,
                    -0.34881039312049833,
                    -2.13
                ],
                [
                    -0.42577493551897694,
                    0.5188870163695424,
                    -0.7412637644772103,
                    -4.52
                ],
                [
                    3.946792533474075e-06,
                    0.8192317491773768,
                    0.5734625891234738,
                    5.15
                ],
                [
                    0.0,
                    0.0,
                    0.0,
                    1.0
                ]
            ]
        },
        {
            "file_path": "./images/pic44.png",
            "sharpness": 94.56122993891837,
            "transform_matrix": [
                [
                    0.7705083360581393,
                    -0.3655465753414451,
                    0.5221997752977863,
                    3.19
                ],
                [
                    0.6374299209034904,
                    0.44186474424314287,
                    -0.6312199646176535,
                    -3.85
                ],
                [
                    -1.3738026516108004e-06,
                    0.8192260060881142,
                    0.5734707934559784,
                    5.15
                ],
                [
                    0.0,
                    0.0,
                    0.0,
                    1.0
                ]
            ]
        },
        {
            "file_path": "./images/pic8.png",
            "sharpness": 110.9894563148958,
            "transform_matrix": [
                [
                    -0.7705083360581393,
                    -0.3655465753414451,
                    0.5221997752977863,
                    3.19
                ],
                [
                    0.6374299209034904,
                    -0.44186474424314287,
                    0.6312199646176535,
                    3.85
                ],
                [
                    1.3738026516108004e-06,
                    0.8192260060881142,
                    0.5734707934559784,
                    5.15
                ],
                [
                    0.0,
                    0.0,
                    0.0,
                    1.0
                ]
            ]
        },
        {
            "file_path": "./images/pic33.png",
            "sharpness": 81.66933457989985,
            "transform_matrix": [
                [
                    0.7705083360581393,
                    0.3655465753414451,
                    -0.5221997752977863,
                    -3.19
                ],
                [
                    -0.6374299209034904,
                    0.44186474424314287,
                    -0.6312199646176535,
                    -3.85
                ],
                [
                    1.3738026516108004e-06,
                    0.8192260060881142,
                    0.5734707934559784,
                    5.15
                ],
                [
                    0.0,
                    0.0,
                    0.0,
                    1.0
                ]
            ]
        },
        {
            "file_path": "./images/pic22.png",
            "sharpness": 91.48531895566362,
            "transform_matrix": [
                [
                    -0.48175298559313107,
                    0.5025310345541592,
                    -0.7178973604785235,
                    -4.38
                ],
                [
                    -0.8763070585287027,
                    -0.2762619972286396,
                    0.3946710631146093,
                    2.41
                ],
                [
                    6.699044608926563e-06,
                    0.8192324872691328,
                    0.5734615346803595,
                    5.15
                ],
                [
                    0.0,
                    0.0,
                    0.0,
                    1.0
                ]
            ]
        },
        {
            "file_path": "./images/pic14.png",
            "sharpness": 97.22580722883335,
            "transform_matrix": [
                [
                    -0.9980265787728565,
                    0.036002931051175885,
                    -0.05144644806662009,
                    -0.31
                ],
                [
                    -0.06279289772605279,
                    -0.5723278995054575,
                    0.8176171643518967,
                    4.99
                ],
                [
                    -7.623164566004925e-06,
                    0.8192341328359037,
                    0.5734591838470215,
                    5.15
                ],
                [
                    0.0,
                    0.0,
                    0.0,
                    1.0
                ]
            ]
        },
        {
            "file_path": "./images/pic38.png",
            "sharpness": 82.91934545742576,
            "transform_matrix": [
                [
                    0.9980265787728565,
                    0.036002931051175885,
                    -0.05144644806662009,
                    -0.31
                ],
                [
                    -0.06279289772605279,
                    0.5723278995054575,
                    -0.8176171643518966,
                    -4.99
                ],
                [
                    7.623164566004925e-06,
                    0.8192341328359037,
                    0.5734591838470215,
                    5.15
                ],
                [
                    0.0,
                    0.0,
                    0.0,
                    1.0
                ]
            ]
        },
        {
            "file_path": "./images/pic25.png",
            "sharpness": 86.41273601169343,
            "transform_matrix": [
                [
                    -0.12532869892747428,
                    0.5689410671057769,
                    -0.8127722801533563,
                    -4.96
                ],
                [
                    -0.9921152741270995,
                    -0.0718644774445098,
                    0.10267803915802737,
                    0.63
                ],
                [
                    8.297972293125344e-06,
                    0.8192322985833549,
                    0.5734618042110355,
                    5.15
                ],
                [
                    0.0,
                    0.0,
                    0.0,
                    1.0
                ]
            ]
        },
        {
            "file_path": "./images/pic12.png",
            "sharpness": 110.55430025398597,
            "transform_matrix": [
                [
                    -0.9822894234369892,
                    -0.1074482278238161,
                    0.1535003809159707,
                    0.94
                ],
                [
                    0.18736992446920256,
                    -0.5633113668665559,
                    0.8047190909648767,
                    4.91
                ],
                [
                    2.8691681442025163e-06,
                    0.8192284066708462,
                    0.5734673641065497,
                    5.15
                ],
                [
                    0.0,
                    0.0,
                    0.0,
                    1.0
                ]
            ]
        },
        {
            "file_path": "./images/pic21.png",
            "sharpness": 92.73455341374591,
            "transform_matrix": [
                [
                    -0.5877832645438248,
                    0.46394237730045745,
                    -0.6627731923267597,
                    -4.05
                ],
                [
                    -0.8090184385356829,
                    -0.33706644363446836,
                    0.4815344003131005,
                    2.94
                ],
                [
                    5.61155936557034e-06,
                    0.8192335949656921,
                    0.5734599522617937,
                    5.15
                ],
                [
                    0.0,
                    0.0,
                    0.0,
                    1.0
                ]
            ]
        },
        {
            "file_path": "./images/pic29.png",
            "sharpness": 78.96637331831631,
            "transform_matrix": [
                [
                    0.3681278737371998,
                    0.5331822862664015,
                    -0.7617076330124709,
                    -4.65
                ],
                [
                    -0.9297751709789129,
                    0.21110662684031153,
                    -0.3015826976721949,
                    -1.84
                ],
                [
                    2.9768005307961865e-06,
                    0.8192378419701072,
                    0.5734538850468276,
                    5.15
                ],
                [
                    0.0,
                    0.0,
                    0.0,
                    1.0
                ]
            ]
        },
        {
            "file_path": "./images/pic37.png",
            "sharpness": 86.7593893837071,
            "transform_matrix": [
                [
                    0.9822894234369892,
                    0.1074482278238161,
                    -0.1535003809159707,
                    -0.94
                ],
                [
                    -0.18736992446920256,
                    0.5633113668665559,
                    -0.8047190909648766,
                    -4.91
                ],
                [
                    2.8691681442025163e-06,
                    0.8192284066708462,
                    0.5734673641065497,
                    5.15
                ],
                [
                    0.0,
                    0.0,
